{
 "cells": [
  {
   "cell_type": "markdown",
   "id": "b6219073",
   "metadata": {},
   "source": [
    " # Cvičení 6. Preprocesing dat a explorační analýza \n",
    " ## Michal Béreš, Adéla Vrtková, Martina Litschmannová\n",
    " ---"
   ]
  },
  {
   "cell_type": "markdown",
   "id": "540ecd41",
   "metadata": {},
   "source": [
    " # 1. Rozšiřující balíčky funkcí - instalace a načítání"
   ]
  },
  {
   "cell_type": "code",
   "execution_count": 58,
   "id": "740ac111",
   "metadata": {
    "vscode": {
     "languageId": "r"
    }
   },
   "outputs": [],
   "source": [
    "# Instalování balíčků nutné pouze jednou (pokud je již nemáte)\n",
    "# install.packages(\"readxl\")\n",
    "# install.packages(\"dplyr\")\n",
    "# install.packages(\"openxlsx\")\n"
   ]
  },
  {
   "cell_type": "code",
   "execution_count": 59,
   "id": "08d77491",
   "metadata": {
    "vscode": {
     "languageId": "r"
    }
   },
   "outputs": [],
   "source": [
    "# Načtení balíčku (nutno opakovat při každém novém spuštění Rka, vhodné mít na začátku skriptu, pro kontrolu\n",
    "# co všechno se používá)\n",
    "\n",
    "library(dplyr) # balíček pro manipulaci s daty\n",
    "\n",
    "# výpis obsahuje upozornění na přepsané funkce případně na starší verzi balíčku"
   ]
  },
  {
   "cell_type": "markdown",
   "id": "a3cccb67",
   "metadata": {},
   "source": [
    "Právě kvůli maskování (přepisování existujících funkcí) je dobré omezit kompletní načtení balíčků na minimum.\n",
    "\n",
    "Často potřebujeme pouze jednu funkci z balíčku, pak lze tato funkce načíst pomocí `::`.\n",
    "\n",
    "Ukážeme si později."
   ]
  },
  {
   "cell_type": "markdown",
   "id": "9faf3130",
   "metadata": {},
   "source": [
    "---\n"
   ]
  },
  {
   "cell_type": "markdown",
   "id": "9e79b7bf",
   "metadata": {},
   "source": [
    "# 2. Pracovní adresář (working directory) - odkud načítáme a kam ukládáme data\n",
    "- Pozor aktuální otevřená složka v Rstudiu, případně umístění Rskriptu není automaticky pracovní adresář!"
   ]
  },
  {
   "cell_type": "code",
   "execution_count": 60,
   "id": "1882d279",
   "metadata": {
    "vscode": {
     "languageId": "r"
    }
   },
   "outputs": [
    {
     "data": {
      "text/html": [
       "'/home/patrick115/Projects/VSB/Semester7/PS/CV6'"
      ],
      "text/latex": [
       "'/home/patrick115/Projects/VSB/Semester7/PS/CV6'"
      ],
      "text/markdown": [
       "'/home/patrick115/Projects/VSB/Semester7/PS/CV6'"
      ],
      "text/plain": [
       "[1] \"/home/patrick115/Projects/VSB/Semester7/PS/CV6\""
      ]
     },
     "metadata": {},
     "output_type": "display_data"
    }
   ],
   "source": [
    "# Výpis pracovního adresáře\n",
    "getwd()\n"
   ]
  },
  {
   "cell_type": "code",
   "execution_count": 61,
   "id": "60bd7580",
   "metadata": {
    "vscode": {
     "languageId": "r"
    }
   },
   "outputs": [],
   "source": [
    "# Nastavení pracovního adresáře -> do uvozovek, celou cestu (relativní nebo absolutní)\n",
    "setwd(\"./data\")\n"
   ]
  },
  {
   "cell_type": "code",
   "execution_count": 62,
   "id": "b318736c",
   "metadata": {
    "vscode": {
     "languageId": "r"
    }
   },
   "outputs": [
    {
     "data": {
      "text/html": [
       "'/home/patrick115/Projects/VSB/Semester7/PS/CV6/data'"
      ],
      "text/latex": [
       "'/home/patrick115/Projects/VSB/Semester7/PS/CV6/data'"
      ],
      "text/markdown": [
       "'/home/patrick115/Projects/VSB/Semester7/PS/CV6/data'"
      ],
      "text/plain": [
       "[1] \"/home/patrick115/Projects/VSB/Semester7/PS/CV6/data\""
      ]
     },
     "metadata": {},
     "output_type": "display_data"
    }
   ],
   "source": [
    "getwd() # kde jsme teď\n"
   ]
  },
  {
   "cell_type": "code",
   "execution_count": 63,
   "id": "e37586e9",
   "metadata": {
    "vscode": {
     "languageId": "r"
    }
   },
   "outputs": [],
   "source": [
    "setwd(\"./..\") # zase zpátky\n"
   ]
  },
  {
   "cell_type": "code",
   "execution_count": 64,
   "id": "aaef208c",
   "metadata": {
    "vscode": {
     "languageId": "r"
    }
   },
   "outputs": [
    {
     "data": {
      "text/html": [
       "'/home/patrick115/Projects/VSB/Semester7/PS/CV6'"
      ],
      "text/latex": [
       "'/home/patrick115/Projects/VSB/Semester7/PS/CV6'"
      ],
      "text/markdown": [
       "'/home/patrick115/Projects/VSB/Semester7/PS/CV6'"
      ],
      "text/plain": [
       "[1] \"/home/patrick115/Projects/VSB/Semester7/PS/CV6\""
      ]
     },
     "metadata": {},
     "output_type": "display_data"
    }
   ],
   "source": [
    "getwd() # kontrola\n"
   ]
  },
  {
   "cell_type": "markdown",
   "id": "1f297ba5",
   "metadata": {},
   "source": [
    "---\n"
   ]
  },
  {
   "cell_type": "markdown",
   "id": "8a9e8127",
   "metadata": {},
   "source": [
    "# 3. Načítání datových souborů\n",
    "\n",
    "- pro ověření správnosti načtení budeme použífat funkci `head()` která vypíše prvních 6 řádků datového souboru"
   ]
  },
  {
   "cell_type": "markdown",
   "id": "78e56a5e",
   "metadata": {},
   "source": [
    "### a) Ze souboru CSV\n",
    "Základní funkce - `read.table`, `read.csv`, `read.csv2`, ...\n",
    "\n",
    "Záleží hlavně na formátu souboru (.txt, .csv), na tzv. oddělovači jednotlivých hodnot, desetinné čárce/tečce, ..."
   ]
  },
  {
   "cell_type": "code",
   "execution_count": 65,
   "id": "8ea93e05",
   "metadata": {
    "vscode": {
     "languageId": "r"
    }
   },
   "outputs": [
    {
     "data": {
      "text/html": [
       "<table class=\"dataframe\">\n",
       "<caption>A data.frame: 6 × 8</caption>\n",
       "<thead>\n",
       "\t<tr><th></th><th scope=col>A22</th><th scope=col>A5</th><th scope=col>B22</th><th scope=col>B5</th><th scope=col>C22</th><th scope=col>C5</th><th scope=col>D22</th><th scope=col>D5</th></tr>\n",
       "\t<tr><th></th><th scope=col>&lt;chr&gt;</th><th scope=col>&lt;chr&gt;</th><th scope=col>&lt;chr&gt;</th><th scope=col>&lt;chr&gt;</th><th scope=col>&lt;chr&gt;</th><th scope=col>&lt;chr&gt;</th><th scope=col>&lt;chr&gt;</th><th scope=col>&lt;chr&gt;</th></tr>\n",
       "</thead>\n",
       "<tbody>\n",
       "\t<tr><th scope=row>1</th><td>784.9</td><td>786.6</td><td>849.7</td><td>850.9</td><td>822.4</td><td>823.4</td><td>773.8</td><td>772.6</td></tr>\n",
       "\t<tr><th scope=row>2</th><td>782  </td><td>783.8</td><td>831.9</td><td>833.2</td><td>783.5</td><td>787.2</td><td>809.3</td><td>812.9</td></tr>\n",
       "\t<tr><th scope=row>3</th><td>782.6</td><td>785.3</td><td>828.5</td><td>825  </td><td>790  </td><td>787.7</td><td>826  </td><td>830  </td></tr>\n",
       "\t<tr><th scope=row>4</th><td>777.7</td><td>772.2</td><td>795.5</td><td>790.5</td><td>792.7</td><td>795.3</td><td>778.1</td><td>781.9</td></tr>\n",
       "\t<tr><th scope=row>5</th><td>824.7</td><td>825.3</td><td>815.2</td><td>817.9</td><td>829.4</td><td>831.5</td><td>777.3</td><td>772.4</td></tr>\n",
       "\t<tr><th scope=row>6</th><td>759.1</td><td>759.1</td><td>804.9</td><td>801.1</td><td>799  </td><td>798.7</td><td>797.6</td><td>795.7</td></tr>\n",
       "</tbody>\n",
       "</table>\n"
      ],
      "text/latex": [
       "A data.frame: 6 × 8\n",
       "\\begin{tabular}{r|llllllll}\n",
       "  & A22 & A5 & B22 & B5 & C22 & C5 & D22 & D5\\\\\n",
       "  & <chr> & <chr> & <chr> & <chr> & <chr> & <chr> & <chr> & <chr>\\\\\n",
       "\\hline\n",
       "\t1 & 784.9 & 786.6 & 849.7 & 850.9 & 822.4 & 823.4 & 773.8 & 772.6\\\\\n",
       "\t2 & 782   & 783.8 & 831.9 & 833.2 & 783.5 & 787.2 & 809.3 & 812.9\\\\\n",
       "\t3 & 782.6 & 785.3 & 828.5 & 825   & 790   & 787.7 & 826   & 830  \\\\\n",
       "\t4 & 777.7 & 772.2 & 795.5 & 790.5 & 792.7 & 795.3 & 778.1 & 781.9\\\\\n",
       "\t5 & 824.7 & 825.3 & 815.2 & 817.9 & 829.4 & 831.5 & 777.3 & 772.4\\\\\n",
       "\t6 & 759.1 & 759.1 & 804.9 & 801.1 & 799   & 798.7 & 797.6 & 795.7\\\\\n",
       "\\end{tabular}\n"
      ],
      "text/markdown": [
       "\n",
       "A data.frame: 6 × 8\n",
       "\n",
       "| <!--/--> | A22 &lt;chr&gt; | A5 &lt;chr&gt; | B22 &lt;chr&gt; | B5 &lt;chr&gt; | C22 &lt;chr&gt; | C5 &lt;chr&gt; | D22 &lt;chr&gt; | D5 &lt;chr&gt; |\n",
       "|---|---|---|---|---|---|---|---|---|\n",
       "| 1 | 784.9 | 786.6 | 849.7 | 850.9 | 822.4 | 823.4 | 773.8 | 772.6 |\n",
       "| 2 | 782   | 783.8 | 831.9 | 833.2 | 783.5 | 787.2 | 809.3 | 812.9 |\n",
       "| 3 | 782.6 | 785.3 | 828.5 | 825   | 790   | 787.7 | 826   | 830   |\n",
       "| 4 | 777.7 | 772.2 | 795.5 | 790.5 | 792.7 | 795.3 | 778.1 | 781.9 |\n",
       "| 5 | 824.7 | 825.3 | 815.2 | 817.9 | 829.4 | 831.5 | 777.3 | 772.4 |\n",
       "| 6 | 759.1 | 759.1 | 804.9 | 801.1 | 799   | 798.7 | 797.6 | 795.7 |\n",
       "\n"
      ],
      "text/plain": [
       "  A22   A5    B22   B5    C22   C5    D22   D5   \n",
       "1 784.9 786.6 849.7 850.9 822.4 823.4 773.8 772.6\n",
       "2 782   783.8 831.9 833.2 783.5 787.2 809.3 812.9\n",
       "3 782.6 785.3 828.5 825   790   787.7 826   830  \n",
       "4 777.7 772.2 795.5 790.5 792.7 795.3 778.1 781.9\n",
       "5 824.7 825.3 815.2 817.9 829.4 831.5 777.3 772.4\n",
       "6 759.1 759.1 804.9 801.1 799   798.7 797.6 795.7"
      ]
     },
     "metadata": {},
     "output_type": "display_data"
    }
   ],
   "source": [
    "# pro data oddělené středníkem lze použít read.csv2 s defaultním nastavením\n",
    "# načteme data relativně k aktuálnímu adresáři, tedy ze složky data\n",
    "data <- read.csv2(file = \"./data/zarovky.csv\")\n",
    "head(data)"
   ]
  },
  {
   "cell_type": "code",
   "execution_count": 66,
   "id": "f47d209e",
   "metadata": {
    "scrolled": true,
    "vscode": {
     "languageId": "r"
    }
   },
   "outputs": [
    {
     "data": {
      "text/html": [
       "<table class=\"dataframe\">\n",
       "<caption>A data.frame: 6 × 8</caption>\n",
       "<thead>\n",
       "\t<tr><th></th><th scope=col>A22</th><th scope=col>A5</th><th scope=col>B22</th><th scope=col>B5</th><th scope=col>C22</th><th scope=col>C5</th><th scope=col>D22</th><th scope=col>D5</th></tr>\n",
       "\t<tr><th></th><th scope=col>&lt;chr&gt;</th><th scope=col>&lt;chr&gt;</th><th scope=col>&lt;chr&gt;</th><th scope=col>&lt;chr&gt;</th><th scope=col>&lt;chr&gt;</th><th scope=col>&lt;chr&gt;</th><th scope=col>&lt;chr&gt;</th><th scope=col>&lt;chr&gt;</th></tr>\n",
       "</thead>\n",
       "<tbody>\n",
       "\t<tr><th scope=row>1</th><td>784.9</td><td>786.6</td><td>849.7</td><td>850.9</td><td>822.4</td><td>823.4</td><td>773.8</td><td>772.6</td></tr>\n",
       "\t<tr><th scope=row>2</th><td>782  </td><td>783.8</td><td>831.9</td><td>833.2</td><td>783.5</td><td>787.2</td><td>809.3</td><td>812.9</td></tr>\n",
       "\t<tr><th scope=row>3</th><td>782.6</td><td>785.3</td><td>828.5</td><td>825  </td><td>790  </td><td>787.7</td><td>826  </td><td>830  </td></tr>\n",
       "\t<tr><th scope=row>4</th><td>777.7</td><td>772.2</td><td>795.5</td><td>790.5</td><td>792.7</td><td>795.3</td><td>778.1</td><td>781.9</td></tr>\n",
       "\t<tr><th scope=row>5</th><td>824.7</td><td>825.3</td><td>815.2</td><td>817.9</td><td>829.4</td><td>831.5</td><td>777.3</td><td>772.4</td></tr>\n",
       "\t<tr><th scope=row>6</th><td>759.1</td><td>759.1</td><td>804.9</td><td>801.1</td><td>799  </td><td>798.7</td><td>797.6</td><td>795.7</td></tr>\n",
       "</tbody>\n",
       "</table>\n"
      ],
      "text/latex": [
       "A data.frame: 6 × 8\n",
       "\\begin{tabular}{r|llllllll}\n",
       "  & A22 & A5 & B22 & B5 & C22 & C5 & D22 & D5\\\\\n",
       "  & <chr> & <chr> & <chr> & <chr> & <chr> & <chr> & <chr> & <chr>\\\\\n",
       "\\hline\n",
       "\t1 & 784.9 & 786.6 & 849.7 & 850.9 & 822.4 & 823.4 & 773.8 & 772.6\\\\\n",
       "\t2 & 782   & 783.8 & 831.9 & 833.2 & 783.5 & 787.2 & 809.3 & 812.9\\\\\n",
       "\t3 & 782.6 & 785.3 & 828.5 & 825   & 790   & 787.7 & 826   & 830  \\\\\n",
       "\t4 & 777.7 & 772.2 & 795.5 & 790.5 & 792.7 & 795.3 & 778.1 & 781.9\\\\\n",
       "\t5 & 824.7 & 825.3 & 815.2 & 817.9 & 829.4 & 831.5 & 777.3 & 772.4\\\\\n",
       "\t6 & 759.1 & 759.1 & 804.9 & 801.1 & 799   & 798.7 & 797.6 & 795.7\\\\\n",
       "\\end{tabular}\n"
      ],
      "text/markdown": [
       "\n",
       "A data.frame: 6 × 8\n",
       "\n",
       "| <!--/--> | A22 &lt;chr&gt; | A5 &lt;chr&gt; | B22 &lt;chr&gt; | B5 &lt;chr&gt; | C22 &lt;chr&gt; | C5 &lt;chr&gt; | D22 &lt;chr&gt; | D5 &lt;chr&gt; |\n",
       "|---|---|---|---|---|---|---|---|---|\n",
       "| 1 | 784.9 | 786.6 | 849.7 | 850.9 | 822.4 | 823.4 | 773.8 | 772.6 |\n",
       "| 2 | 782   | 783.8 | 831.9 | 833.2 | 783.5 | 787.2 | 809.3 | 812.9 |\n",
       "| 3 | 782.6 | 785.3 | 828.5 | 825   | 790   | 787.7 | 826   | 830   |\n",
       "| 4 | 777.7 | 772.2 | 795.5 | 790.5 | 792.7 | 795.3 | 778.1 | 781.9 |\n",
       "| 5 | 824.7 | 825.3 | 815.2 | 817.9 | 829.4 | 831.5 | 777.3 | 772.4 |\n",
       "| 6 | 759.1 | 759.1 | 804.9 | 801.1 | 799   | 798.7 | 797.6 | 795.7 |\n",
       "\n"
      ],
      "text/plain": [
       "  A22   A5    B22   B5    C22   C5    D22   D5   \n",
       "1 784.9 786.6 849.7 850.9 822.4 823.4 773.8 772.6\n",
       "2 782   783.8 831.9 833.2 783.5 787.2 809.3 812.9\n",
       "3 782.6 785.3 828.5 825   790   787.7 826   830  \n",
       "4 777.7 772.2 795.5 790.5 792.7 795.3 778.1 781.9\n",
       "5 824.7 825.3 815.2 817.9 829.4 831.5 777.3 772.4\n",
       "6 759.1 759.1 804.9 801.1 799   798.7 797.6 795.7"
      ]
     },
     "metadata": {},
     "output_type": "display_data"
    }
   ],
   "source": [
    "# pokud má soubor jiný formát, lze upravit parametry načítání\n",
    "data <- read.csv2(file = \"./data/zarovky.csv\", sep = \";\", quote = \"\", skip = 0, header = TRUE)\n",
    "head(data)\n"
   ]
  },
  {
   "cell_type": "code",
   "execution_count": 67,
   "id": "d3a7a14d",
   "metadata": {
    "vscode": {
     "languageId": "r"
    }
   },
   "outputs": [],
   "source": [
    "# cesta souboru může být relativní, absulutní nebo lze použít i URL\n",
    "# data <- read.csv2(file = \"C:/Users/username/Documents/aku.csv\")\n",
    "# data <- read.csv2(file = \"./data/aku.csv\")\n",
    "# data <- read.csv2(file = \"http://am-nas.vsb.cz/lit40/DATA/aku.csv\")\n"
   ]
  },
  {
   "cell_type": "markdown",
   "id": "c0dcf13d",
   "metadata": {},
   "source": [
    "### b) z Excelu (souboru xlsx)\n",
    "K načtení/uložení datového souboru ve formátu xlsx použijeme funkci z balíčku `readxl`\n",
    "- konkrétně funkci `readxl::read_excel()`"
   ]
  },
  {
   "cell_type": "code",
   "execution_count": 68,
   "id": "328c6686",
   "metadata": {
    "vscode": {
     "languageId": "r"
    }
   },
   "outputs": [
    {
     "name": "stderr",
     "output_type": "stream",
     "text": [
      "\u001b[1m\u001b[22mNew names:\n",
      "\u001b[36m•\u001b[39m `` -> `...1`\n",
      "\u001b[36m•\u001b[39m `Amber` -> `Amber...2`\n",
      "\u001b[36m•\u001b[39m `Bright` -> `Bright...3`\n",
      "\u001b[36m•\u001b[39m `Clear` -> `Clear...4`\n",
      "\u001b[36m•\u001b[39m `Dim` -> `Dim...5`\n",
      "\u001b[36m•\u001b[39m `Amber` -> `Amber...6`\n",
      "\u001b[36m•\u001b[39m `Bright` -> `Bright...7`\n",
      "\u001b[36m•\u001b[39m `Clear` -> `Clear...8`\n",
      "\u001b[36m•\u001b[39m `Dim` -> `Dim...9`\n"
     ]
    },
    {
     "data": {
      "text/html": [
       "<table class=\"dataframe\">\n",
       "<caption>A tibble: 6 × 9</caption>\n",
       "<thead>\n",
       "\t<tr><th scope=col>...1</th><th scope=col>Amber...2</th><th scope=col>Bright...3</th><th scope=col>Clear...4</th><th scope=col>Dim...5</th><th scope=col>Amber...6</th><th scope=col>Bright...7</th><th scope=col>Clear...8</th><th scope=col>Dim...9</th></tr>\n",
       "\t<tr><th scope=col>&lt;dbl&gt;</th><th scope=col>&lt;dbl&gt;</th><th scope=col>&lt;dbl&gt;</th><th scope=col>&lt;dbl&gt;</th><th scope=col>&lt;dbl&gt;</th><th scope=col>&lt;dbl&gt;</th><th scope=col>&lt;dbl&gt;</th><th scope=col>&lt;dbl&gt;</th><th scope=col>&lt;dbl&gt;</th></tr>\n",
       "</thead>\n",
       "<tbody>\n",
       "\t<tr><td>1</td><td>784.9</td><td>849.7</td><td>822.4</td><td>773.8</td><td>786.6</td><td>850.9</td><td>823.4</td><td>772.6</td></tr>\n",
       "\t<tr><td>2</td><td>782.0</td><td>831.9</td><td>783.5</td><td>809.3</td><td>783.8</td><td>833.2</td><td>787.2</td><td>812.9</td></tr>\n",
       "\t<tr><td>3</td><td>782.6</td><td>828.5</td><td>790.0</td><td>826.0</td><td>785.3</td><td>825.0</td><td>787.7</td><td>830.0</td></tr>\n",
       "\t<tr><td>4</td><td>777.7</td><td>795.5</td><td>792.7</td><td>778.1</td><td>772.2</td><td>790.5</td><td>795.3</td><td>781.9</td></tr>\n",
       "\t<tr><td>5</td><td>824.7</td><td>815.2</td><td>829.4</td><td>777.3</td><td>825.3</td><td>817.9</td><td>831.5</td><td>772.4</td></tr>\n",
       "\t<tr><td>6</td><td>759.1</td><td>804.9</td><td>799.0</td><td>797.6</td><td>759.1</td><td>801.1</td><td>798.7</td><td>795.7</td></tr>\n",
       "</tbody>\n",
       "</table>\n"
      ],
      "text/latex": [
       "A tibble: 6 × 9\n",
       "\\begin{tabular}{lllllllll}\n",
       " ...1 & Amber...2 & Bright...3 & Clear...4 & Dim...5 & Amber...6 & Bright...7 & Clear...8 & Dim...9\\\\\n",
       " <dbl> & <dbl> & <dbl> & <dbl> & <dbl> & <dbl> & <dbl> & <dbl> & <dbl>\\\\\n",
       "\\hline\n",
       "\t 1 & 784.9 & 849.7 & 822.4 & 773.8 & 786.6 & 850.9 & 823.4 & 772.6\\\\\n",
       "\t 2 & 782.0 & 831.9 & 783.5 & 809.3 & 783.8 & 833.2 & 787.2 & 812.9\\\\\n",
       "\t 3 & 782.6 & 828.5 & 790.0 & 826.0 & 785.3 & 825.0 & 787.7 & 830.0\\\\\n",
       "\t 4 & 777.7 & 795.5 & 792.7 & 778.1 & 772.2 & 790.5 & 795.3 & 781.9\\\\\n",
       "\t 5 & 824.7 & 815.2 & 829.4 & 777.3 & 825.3 & 817.9 & 831.5 & 772.4\\\\\n",
       "\t 6 & 759.1 & 804.9 & 799.0 & 797.6 & 759.1 & 801.1 & 798.7 & 795.7\\\\\n",
       "\\end{tabular}\n"
      ],
      "text/markdown": [
       "\n",
       "A tibble: 6 × 9\n",
       "\n",
       "| ...1 &lt;dbl&gt; | Amber...2 &lt;dbl&gt; | Bright...3 &lt;dbl&gt; | Clear...4 &lt;dbl&gt; | Dim...5 &lt;dbl&gt; | Amber...6 &lt;dbl&gt; | Bright...7 &lt;dbl&gt; | Clear...8 &lt;dbl&gt; | Dim...9 &lt;dbl&gt; |\n",
       "|---|---|---|---|---|---|---|---|---|\n",
       "| 1 | 784.9 | 849.7 | 822.4 | 773.8 | 786.6 | 850.9 | 823.4 | 772.6 |\n",
       "| 2 | 782.0 | 831.9 | 783.5 | 809.3 | 783.8 | 833.2 | 787.2 | 812.9 |\n",
       "| 3 | 782.6 | 828.5 | 790.0 | 826.0 | 785.3 | 825.0 | 787.7 | 830.0 |\n",
       "| 4 | 777.7 | 795.5 | 792.7 | 778.1 | 772.2 | 790.5 | 795.3 | 781.9 |\n",
       "| 5 | 824.7 | 815.2 | 829.4 | 777.3 | 825.3 | 817.9 | 831.5 | 772.4 |\n",
       "| 6 | 759.1 | 804.9 | 799.0 | 797.6 | 759.1 | 801.1 | 798.7 | 795.7 |\n",
       "\n"
      ],
      "text/plain": [
       "  ...1 Amber...2 Bright...3 Clear...4 Dim...5 Amber...6 Bright...7 Clear...8\n",
       "1 1    784.9     849.7      822.4     773.8   786.6     850.9      823.4    \n",
       "2 2    782.0     831.9      783.5     809.3   783.8     833.2      787.2    \n",
       "3 3    782.6     828.5      790.0     826.0   785.3     825.0      787.7    \n",
       "4 4    777.7     795.5      792.7     778.1   772.2     790.5      795.3    \n",
       "5 5    824.7     815.2      829.4     777.3   825.3     817.9      831.5    \n",
       "6 6    759.1     804.9      799.0     797.6   759.1     801.1      798.7    \n",
       "  Dim...9\n",
       "1 772.6  \n",
       "2 812.9  \n",
       "3 830.0  \n",
       "4 781.9  \n",
       "5 772.4  \n",
       "6 795.7  "
      ]
     },
     "metadata": {},
     "output_type": "display_data"
    }
   ],
   "source": [
    "# při načítání dat z Excelu si sice nemusíme dělat starosti s oddělovači a formátem čísel\n",
    "# musíme však specifikovat který list chceme načíst a případně kolik řádků od začátku chceme přeskočit\n",
    "data <- readxl::read_excel(\"./data/zarovky.xlsx\", sheet = \"Data\", skip = 3)\n",
    "head(data)"
   ]
  },
  {
   "cell_type": "markdown",
   "id": "00f2d426",
   "metadata": {},
   "source": [
    "### c) Odstranění nepotřebných sloupců a jejich přejmenování pro snadnější adresování dat"
   ]
  },
  {
   "cell_type": "code",
   "execution_count": 69,
   "id": "4bc97d08",
   "metadata": {
    "vscode": {
     "languageId": "r"
    }
   },
   "outputs": [
    {
     "data": {
      "text/html": [
       "<table class=\"dataframe\">\n",
       "<caption>A tibble: 6 × 8</caption>\n",
       "<thead>\n",
       "\t<tr><th scope=col>Amber...2</th><th scope=col>Bright...3</th><th scope=col>Clear...4</th><th scope=col>Dim...5</th><th scope=col>Amber...6</th><th scope=col>Bright...7</th><th scope=col>Clear...8</th><th scope=col>Dim...9</th></tr>\n",
       "\t<tr><th scope=col>&lt;dbl&gt;</th><th scope=col>&lt;dbl&gt;</th><th scope=col>&lt;dbl&gt;</th><th scope=col>&lt;dbl&gt;</th><th scope=col>&lt;dbl&gt;</th><th scope=col>&lt;dbl&gt;</th><th scope=col>&lt;dbl&gt;</th><th scope=col>&lt;dbl&gt;</th></tr>\n",
       "</thead>\n",
       "<tbody>\n",
       "\t<tr><td>784.9</td><td>849.7</td><td>822.4</td><td>773.8</td><td>786.6</td><td>850.9</td><td>823.4</td><td>772.6</td></tr>\n",
       "\t<tr><td>782.0</td><td>831.9</td><td>783.5</td><td>809.3</td><td>783.8</td><td>833.2</td><td>787.2</td><td>812.9</td></tr>\n",
       "\t<tr><td>782.6</td><td>828.5</td><td>790.0</td><td>826.0</td><td>785.3</td><td>825.0</td><td>787.7</td><td>830.0</td></tr>\n",
       "\t<tr><td>777.7</td><td>795.5</td><td>792.7</td><td>778.1</td><td>772.2</td><td>790.5</td><td>795.3</td><td>781.9</td></tr>\n",
       "\t<tr><td>824.7</td><td>815.2</td><td>829.4</td><td>777.3</td><td>825.3</td><td>817.9</td><td>831.5</td><td>772.4</td></tr>\n",
       "\t<tr><td>759.1</td><td>804.9</td><td>799.0</td><td>797.6</td><td>759.1</td><td>801.1</td><td>798.7</td><td>795.7</td></tr>\n",
       "</tbody>\n",
       "</table>\n"
      ],
      "text/latex": [
       "A tibble: 6 × 8\n",
       "\\begin{tabular}{llllllll}\n",
       " Amber...2 & Bright...3 & Clear...4 & Dim...5 & Amber...6 & Bright...7 & Clear...8 & Dim...9\\\\\n",
       " <dbl> & <dbl> & <dbl> & <dbl> & <dbl> & <dbl> & <dbl> & <dbl>\\\\\n",
       "\\hline\n",
       "\t 784.9 & 849.7 & 822.4 & 773.8 & 786.6 & 850.9 & 823.4 & 772.6\\\\\n",
       "\t 782.0 & 831.9 & 783.5 & 809.3 & 783.8 & 833.2 & 787.2 & 812.9\\\\\n",
       "\t 782.6 & 828.5 & 790.0 & 826.0 & 785.3 & 825.0 & 787.7 & 830.0\\\\\n",
       "\t 777.7 & 795.5 & 792.7 & 778.1 & 772.2 & 790.5 & 795.3 & 781.9\\\\\n",
       "\t 824.7 & 815.2 & 829.4 & 777.3 & 825.3 & 817.9 & 831.5 & 772.4\\\\\n",
       "\t 759.1 & 804.9 & 799.0 & 797.6 & 759.1 & 801.1 & 798.7 & 795.7\\\\\n",
       "\\end{tabular}\n"
      ],
      "text/markdown": [
       "\n",
       "A tibble: 6 × 8\n",
       "\n",
       "| Amber...2 &lt;dbl&gt; | Bright...3 &lt;dbl&gt; | Clear...4 &lt;dbl&gt; | Dim...5 &lt;dbl&gt; | Amber...6 &lt;dbl&gt; | Bright...7 &lt;dbl&gt; | Clear...8 &lt;dbl&gt; | Dim...9 &lt;dbl&gt; |\n",
       "|---|---|---|---|---|---|---|---|\n",
       "| 784.9 | 849.7 | 822.4 | 773.8 | 786.6 | 850.9 | 823.4 | 772.6 |\n",
       "| 782.0 | 831.9 | 783.5 | 809.3 | 783.8 | 833.2 | 787.2 | 812.9 |\n",
       "| 782.6 | 828.5 | 790.0 | 826.0 | 785.3 | 825.0 | 787.7 | 830.0 |\n",
       "| 777.7 | 795.5 | 792.7 | 778.1 | 772.2 | 790.5 | 795.3 | 781.9 |\n",
       "| 824.7 | 815.2 | 829.4 | 777.3 | 825.3 | 817.9 | 831.5 | 772.4 |\n",
       "| 759.1 | 804.9 | 799.0 | 797.6 | 759.1 | 801.1 | 798.7 | 795.7 |\n",
       "\n"
      ],
      "text/plain": [
       "  Amber...2 Bright...3 Clear...4 Dim...5 Amber...6 Bright...7 Clear...8 Dim...9\n",
       "1 784.9     849.7      822.4     773.8   786.6     850.9      823.4     772.6  \n",
       "2 782.0     831.9      783.5     809.3   783.8     833.2      787.2     812.9  \n",
       "3 782.6     828.5      790.0     826.0   785.3     825.0      787.7     830.0  \n",
       "4 777.7     795.5      792.7     778.1   772.2     790.5      795.3     781.9  \n",
       "5 824.7     815.2      829.4     777.3   825.3     817.9      831.5     772.4  \n",
       "6 759.1     804.9      799.0     797.6   759.1     801.1      798.7     795.7  "
      ]
     },
     "metadata": {},
     "output_type": "display_data"
    }
   ],
   "source": [
    "# indexování se zápornými indexy vrátí vše kromě hodnoty indexů\n",
    "# nelze míchat záporné a kladné indexy!\n",
    "data <- data[, -1] # odstraníme první sloupec s indexy\n",
    "head(data)\n"
   ]
  },
  {
   "cell_type": "code",
   "execution_count": 70,
   "id": "47f3946b",
   "metadata": {
    "vscode": {
     "languageId": "r"
    }
   },
   "outputs": [
    {
     "data": {
      "text/html": [
       "<table class=\"dataframe\">\n",
       "<caption>A tibble: 6 × 8</caption>\n",
       "<thead>\n",
       "\t<tr><th scope=col>A5</th><th scope=col>B5</th><th scope=col>C5</th><th scope=col>D5</th><th scope=col>A22</th><th scope=col>B22</th><th scope=col>C22</th><th scope=col>D22</th></tr>\n",
       "\t<tr><th scope=col>&lt;dbl&gt;</th><th scope=col>&lt;dbl&gt;</th><th scope=col>&lt;dbl&gt;</th><th scope=col>&lt;dbl&gt;</th><th scope=col>&lt;dbl&gt;</th><th scope=col>&lt;dbl&gt;</th><th scope=col>&lt;dbl&gt;</th><th scope=col>&lt;dbl&gt;</th></tr>\n",
       "</thead>\n",
       "<tbody>\n",
       "\t<tr><td>784.9</td><td>849.7</td><td>822.4</td><td>773.8</td><td>786.6</td><td>850.9</td><td>823.4</td><td>772.6</td></tr>\n",
       "\t<tr><td>782.0</td><td>831.9</td><td>783.5</td><td>809.3</td><td>783.8</td><td>833.2</td><td>787.2</td><td>812.9</td></tr>\n",
       "\t<tr><td>782.6</td><td>828.5</td><td>790.0</td><td>826.0</td><td>785.3</td><td>825.0</td><td>787.7</td><td>830.0</td></tr>\n",
       "\t<tr><td>777.7</td><td>795.5</td><td>792.7</td><td>778.1</td><td>772.2</td><td>790.5</td><td>795.3</td><td>781.9</td></tr>\n",
       "\t<tr><td>824.7</td><td>815.2</td><td>829.4</td><td>777.3</td><td>825.3</td><td>817.9</td><td>831.5</td><td>772.4</td></tr>\n",
       "\t<tr><td>759.1</td><td>804.9</td><td>799.0</td><td>797.6</td><td>759.1</td><td>801.1</td><td>798.7</td><td>795.7</td></tr>\n",
       "</tbody>\n",
       "</table>\n"
      ],
      "text/latex": [
       "A tibble: 6 × 8\n",
       "\\begin{tabular}{llllllll}\n",
       " A5 & B5 & C5 & D5 & A22 & B22 & C22 & D22\\\\\n",
       " <dbl> & <dbl> & <dbl> & <dbl> & <dbl> & <dbl> & <dbl> & <dbl>\\\\\n",
       "\\hline\n",
       "\t 784.9 & 849.7 & 822.4 & 773.8 & 786.6 & 850.9 & 823.4 & 772.6\\\\\n",
       "\t 782.0 & 831.9 & 783.5 & 809.3 & 783.8 & 833.2 & 787.2 & 812.9\\\\\n",
       "\t 782.6 & 828.5 & 790.0 & 826.0 & 785.3 & 825.0 & 787.7 & 830.0\\\\\n",
       "\t 777.7 & 795.5 & 792.7 & 778.1 & 772.2 & 790.5 & 795.3 & 781.9\\\\\n",
       "\t 824.7 & 815.2 & 829.4 & 777.3 & 825.3 & 817.9 & 831.5 & 772.4\\\\\n",
       "\t 759.1 & 804.9 & 799.0 & 797.6 & 759.1 & 801.1 & 798.7 & 795.7\\\\\n",
       "\\end{tabular}\n"
      ],
      "text/markdown": [
       "\n",
       "A tibble: 6 × 8\n",
       "\n",
       "| A5 &lt;dbl&gt; | B5 &lt;dbl&gt; | C5 &lt;dbl&gt; | D5 &lt;dbl&gt; | A22 &lt;dbl&gt; | B22 &lt;dbl&gt; | C22 &lt;dbl&gt; | D22 &lt;dbl&gt; |\n",
       "|---|---|---|---|---|---|---|---|\n",
       "| 784.9 | 849.7 | 822.4 | 773.8 | 786.6 | 850.9 | 823.4 | 772.6 |\n",
       "| 782.0 | 831.9 | 783.5 | 809.3 | 783.8 | 833.2 | 787.2 | 812.9 |\n",
       "| 782.6 | 828.5 | 790.0 | 826.0 | 785.3 | 825.0 | 787.7 | 830.0 |\n",
       "| 777.7 | 795.5 | 792.7 | 778.1 | 772.2 | 790.5 | 795.3 | 781.9 |\n",
       "| 824.7 | 815.2 | 829.4 | 777.3 | 825.3 | 817.9 | 831.5 | 772.4 |\n",
       "| 759.1 | 804.9 | 799.0 | 797.6 | 759.1 | 801.1 | 798.7 | 795.7 |\n",
       "\n"
      ],
      "text/plain": [
       "  A5    B5    C5    D5    A22   B22   C22   D22  \n",
       "1 784.9 849.7 822.4 773.8 786.6 850.9 823.4 772.6\n",
       "2 782.0 831.9 783.5 809.3 783.8 833.2 787.2 812.9\n",
       "3 782.6 828.5 790.0 826.0 785.3 825.0 787.7 830.0\n",
       "4 777.7 795.5 792.7 778.1 772.2 790.5 795.3 781.9\n",
       "5 824.7 815.2 829.4 777.3 825.3 817.9 831.5 772.4\n",
       "6 759.1 804.9 799.0 797.6 759.1 801.1 798.7 795.7"
      ]
     },
     "metadata": {},
     "output_type": "display_data"
    }
   ],
   "source": [
    "# Přejmenování sloupců (obecně diakritika a mezery v názvech sloupců komplikují práci)\n",
    "colnames(data) <- c(\"A5\", \"B5\", \"C5\", \"D5\", \"A22\", \"B22\", \"C22\", \"D22\")\n",
    "head(data)\n"
   ]
  },
  {
   "cell_type": "markdown",
   "id": "84458612",
   "metadata": {},
   "source": [
    "**Poznámka:**\n",
    "\n",
    "V R jsou aktuálně dva formáty reprezentace tabulek: `data.frame` a `tibble`.\n",
    "\n",
    "Objekt importovaný touto cestou bude v novém RStudiu jako typ \"tibble\".\n",
    "\n",
    "Jedná se o modernější \"data.frame\" a v některých funkcích může dělat problémy a házet errory!\n",
    "Jednoduše lze tento objekt převést na typ data.frame pomocí **as.data.frame()**"
   ]
  },
  {
   "cell_type": "markdown",
   "id": "1dad37c8",
   "metadata": {},
   "source": [
    "---"
   ]
  },
  {
   "cell_type": "markdown",
   "id": "06e5787b",
   "metadata": {},
   "source": [
    "# 4. Standardní datový formát (a převod do něj)\n",
    "\n",
    "Standardní datový formát (v **R** tzv. *\"long format\"*) se vyznačuje tím, že:\n",
    "\n",
    "- **Každý řádek tabulky obsahuje jednu pozorovanou entitu**, například:\n",
    "  - jednoho pacienta,\n",
    "  - jednu žárovku,\n",
    "  - jednoho studenta, atd.\n",
    "  \n",
    "  To znamená, že data o produktech dvou firem **nemohou** být v jednom řádku – místo toho se přidá samostatný sloupec s identifikátorem firmy.\n",
    "\n",
    "- **V jednom sloupci jsou vždy data jednoho typu**:\n",
    "  - Je vhodné mít **jeden samostatný sloupec pro `id` entity** (například pro odstranění odlehlých pozorování). Například pomocí: ```data$id <- seq_along(data$...)``` nebo s pomocí balíčku `dplyr` a funkce `mutate()`: ```data <- data %>% mutate(id = row_number())```\n"
   ]
  },
  {
   "cell_type": "markdown",
   "id": "fb86899f",
   "metadata": {},
   "source": [
    "### a) Základní převod jednoduché datové matice do standardního datového formátu - `stack(...)`"
   ]
  },
  {
   "cell_type": "code",
   "execution_count": 71,
   "id": "b02f26ed",
   "metadata": {
    "vscode": {
     "languageId": "r"
    }
   },
   "outputs": [
    {
     "data": {
      "text/html": [
       "<table class=\"dataframe\">\n",
       "<caption>A tibble: 6 × 4</caption>\n",
       "<thead>\n",
       "\t<tr><th scope=col>Amber</th><th scope=col>Bright</th><th scope=col>Clear</th><th scope=col>Dim</th></tr>\n",
       "\t<tr><th scope=col>&lt;dbl&gt;</th><th scope=col>&lt;dbl&gt;</th><th scope=col>&lt;dbl&gt;</th><th scope=col>&lt;dbl&gt;</th></tr>\n",
       "</thead>\n",
       "<tbody>\n",
       "\t<tr><td>784.9</td><td>849.7</td><td>822.4</td><td>773.8</td></tr>\n",
       "\t<tr><td>782.0</td><td>831.9</td><td>783.5</td><td>809.3</td></tr>\n",
       "\t<tr><td>782.6</td><td>828.5</td><td>790.0</td><td>826.0</td></tr>\n",
       "\t<tr><td>777.7</td><td>795.5</td><td>792.7</td><td>778.1</td></tr>\n",
       "\t<tr><td>824.7</td><td>815.2</td><td>829.4</td><td>777.3</td></tr>\n",
       "\t<tr><td>759.1</td><td>804.9</td><td>799.0</td><td>797.6</td></tr>\n",
       "</tbody>\n",
       "</table>\n"
      ],
      "text/latex": [
       "A tibble: 6 × 4\n",
       "\\begin{tabular}{llll}\n",
       " Amber & Bright & Clear & Dim\\\\\n",
       " <dbl> & <dbl> & <dbl> & <dbl>\\\\\n",
       "\\hline\n",
       "\t 784.9 & 849.7 & 822.4 & 773.8\\\\\n",
       "\t 782.0 & 831.9 & 783.5 & 809.3\\\\\n",
       "\t 782.6 & 828.5 & 790.0 & 826.0\\\\\n",
       "\t 777.7 & 795.5 & 792.7 & 778.1\\\\\n",
       "\t 824.7 & 815.2 & 829.4 & 777.3\\\\\n",
       "\t 759.1 & 804.9 & 799.0 & 797.6\\\\\n",
       "\\end{tabular}\n"
      ],
      "text/markdown": [
       "\n",
       "A tibble: 6 × 4\n",
       "\n",
       "| Amber &lt;dbl&gt; | Bright &lt;dbl&gt; | Clear &lt;dbl&gt; | Dim &lt;dbl&gt; |\n",
       "|---|---|---|---|\n",
       "| 784.9 | 849.7 | 822.4 | 773.8 |\n",
       "| 782.0 | 831.9 | 783.5 | 809.3 |\n",
       "| 782.6 | 828.5 | 790.0 | 826.0 |\n",
       "| 777.7 | 795.5 | 792.7 | 778.1 |\n",
       "| 824.7 | 815.2 | 829.4 | 777.3 |\n",
       "| 759.1 | 804.9 | 799.0 | 797.6 |\n",
       "\n"
      ],
      "text/plain": [
       "  Amber Bright Clear Dim  \n",
       "1 784.9 849.7  822.4 773.8\n",
       "2 782.0 831.9  783.5 809.3\n",
       "3 782.6 828.5  790.0 826.0\n",
       "4 777.7 795.5  792.7 778.1\n",
       "5 824.7 815.2  829.4 777.3\n",
       "6 759.1 804.9  799.0 797.6"
      ]
     },
     "metadata": {},
     "output_type": "display_data"
    }
   ],
   "source": [
    "data5 <- data[, 1:4] # z dat vybereme ty sloupce, které odpovídají měřením po 5 cyklech\n",
    "colnames(data5) <- c(\"Amber\", \"Bright\", \"Clear\", \"Dim\") # přejmenujeme sloupce\n",
    "head(data5)\n"
   ]
  },
  {
   "cell_type": "code",
   "execution_count": 72,
   "id": "923787a7",
   "metadata": {
    "vscode": {
     "languageId": "r"
    }
   },
   "outputs": [
    {
     "data": {
      "text/html": [
       "<table class=\"dataframe\">\n",
       "<caption>A data.frame: 6 × 2</caption>\n",
       "<thead>\n",
       "\t<tr><th></th><th scope=col>values</th><th scope=col>ind</th></tr>\n",
       "\t<tr><th></th><th scope=col>&lt;dbl&gt;</th><th scope=col>&lt;fct&gt;</th></tr>\n",
       "</thead>\n",
       "<tbody>\n",
       "\t<tr><th scope=row>1</th><td>784.9</td><td>Amber</td></tr>\n",
       "\t<tr><th scope=row>2</th><td>782.0</td><td>Amber</td></tr>\n",
       "\t<tr><th scope=row>3</th><td>782.6</td><td>Amber</td></tr>\n",
       "\t<tr><th scope=row>4</th><td>777.7</td><td>Amber</td></tr>\n",
       "\t<tr><th scope=row>5</th><td>824.7</td><td>Amber</td></tr>\n",
       "\t<tr><th scope=row>6</th><td>759.1</td><td>Amber</td></tr>\n",
       "</tbody>\n",
       "</table>\n"
      ],
      "text/latex": [
       "A data.frame: 6 × 2\n",
       "\\begin{tabular}{r|ll}\n",
       "  & values & ind\\\\\n",
       "  & <dbl> & <fct>\\\\\n",
       "\\hline\n",
       "\t1 & 784.9 & Amber\\\\\n",
       "\t2 & 782.0 & Amber\\\\\n",
       "\t3 & 782.6 & Amber\\\\\n",
       "\t4 & 777.7 & Amber\\\\\n",
       "\t5 & 824.7 & Amber\\\\\n",
       "\t6 & 759.1 & Amber\\\\\n",
       "\\end{tabular}\n"
      ],
      "text/markdown": [
       "\n",
       "A data.frame: 6 × 2\n",
       "\n",
       "| <!--/--> | values &lt;dbl&gt; | ind &lt;fct&gt; |\n",
       "|---|---|---|\n",
       "| 1 | 784.9 | Amber |\n",
       "| 2 | 782.0 | Amber |\n",
       "| 3 | 782.6 | Amber |\n",
       "| 4 | 777.7 | Amber |\n",
       "| 5 | 824.7 | Amber |\n",
       "| 6 | 759.1 | Amber |\n",
       "\n"
      ],
      "text/plain": [
       "  values ind  \n",
       "1 784.9  Amber\n",
       "2 782.0  Amber\n",
       "3 782.6  Amber\n",
       "4 777.7  Amber\n",
       "5 824.7  Amber\n",
       "6 759.1  Amber"
      ]
     },
     "metadata": {},
     "output_type": "display_data"
    }
   ],
   "source": [
    "data5S <- stack(data5) # a převedeme do st. datového formátu\n",
    "head(data5S)\n"
   ]
  },
  {
   "cell_type": "code",
   "execution_count": 73,
   "id": "a40dd7d6",
   "metadata": {
    "vscode": {
     "languageId": "r"
    }
   },
   "outputs": [
    {
     "data": {
      "text/html": [
       "<table class=\"dataframe\">\n",
       "<caption>A data.frame: 6 × 3</caption>\n",
       "<thead>\n",
       "\t<tr><th></th><th scope=col>tok5</th><th scope=col>vyrobce</th><th scope=col>id</th></tr>\n",
       "\t<tr><th></th><th scope=col>&lt;dbl&gt;</th><th scope=col>&lt;fct&gt;</th><th scope=col>&lt;int&gt;</th></tr>\n",
       "</thead>\n",
       "<tbody>\n",
       "\t<tr><th scope=row>1</th><td>784.9</td><td>Amber</td><td>1</td></tr>\n",
       "\t<tr><th scope=row>2</th><td>782.0</td><td>Amber</td><td>2</td></tr>\n",
       "\t<tr><th scope=row>3</th><td>782.6</td><td>Amber</td><td>3</td></tr>\n",
       "\t<tr><th scope=row>4</th><td>777.7</td><td>Amber</td><td>4</td></tr>\n",
       "\t<tr><th scope=row>5</th><td>824.7</td><td>Amber</td><td>5</td></tr>\n",
       "\t<tr><th scope=row>6</th><td>759.1</td><td>Amber</td><td>6</td></tr>\n",
       "</tbody>\n",
       "</table>\n"
      ],
      "text/latex": [
       "A data.frame: 6 × 3\n",
       "\\begin{tabular}{r|lll}\n",
       "  & tok5 & vyrobce & id\\\\\n",
       "  & <dbl> & <fct> & <int>\\\\\n",
       "\\hline\n",
       "\t1 & 784.9 & Amber & 1\\\\\n",
       "\t2 & 782.0 & Amber & 2\\\\\n",
       "\t3 & 782.6 & Amber & 3\\\\\n",
       "\t4 & 777.7 & Amber & 4\\\\\n",
       "\t5 & 824.7 & Amber & 5\\\\\n",
       "\t6 & 759.1 & Amber & 6\\\\\n",
       "\\end{tabular}\n"
      ],
      "text/markdown": [
       "\n",
       "A data.frame: 6 × 3\n",
       "\n",
       "| <!--/--> | tok5 &lt;dbl&gt; | vyrobce &lt;fct&gt; | id &lt;int&gt; |\n",
       "|---|---|---|---|\n",
       "| 1 | 784.9 | Amber | 1 |\n",
       "| 2 | 782.0 | Amber | 2 |\n",
       "| 3 | 782.6 | Amber | 3 |\n",
       "| 4 | 777.7 | Amber | 4 |\n",
       "| 5 | 824.7 | Amber | 5 |\n",
       "| 6 | 759.1 | Amber | 6 |\n",
       "\n"
      ],
      "text/plain": [
       "  tok5  vyrobce id\n",
       "1 784.9 Amber   1 \n",
       "2 782.0 Amber   2 \n",
       "3 782.6 Amber   3 \n",
       "4 777.7 Amber   4 \n",
       "5 824.7 Amber   5 \n",
       "6 759.1 Amber   6 "
      ]
     },
     "metadata": {},
     "output_type": "display_data"
    }
   ],
   "source": [
    "# přejmenujeme sloupce\n",
    "colnames(data5S) <- c(\"tok5\", \"vyrobce\")\n",
    "\n",
    "# a přidáme slopec is id\n",
    "data5S$id <- seq_along(data5S$tok5)\n",
    "\n",
    "head(data5S)"
   ]
  },
  {
   "cell_type": "markdown",
   "id": "5ba2771d",
   "metadata": {},
   "source": [
    "\n",
    "### b) Z dat ve formátu Datová matice `reshape(...)`"
   ]
  },
  {
   "cell_type": "code",
   "execution_count": 74,
   "id": "cf5a56c6",
   "metadata": {
    "vscode": {
     "languageId": "r"
    }
   },
   "outputs": [
    {
     "name": "stderr",
     "output_type": "stream",
     "text": [
      "\u001b[1m\u001b[22mNew names:\n",
      "\u001b[36m•\u001b[39m `` -> `...1`\n"
     ]
    },
    {
     "data": {
      "text/html": [
       "<table class=\"dataframe\">\n",
       "<caption>A tibble: 6 × 9</caption>\n",
       "<thead>\n",
       "\t<tr><th scope=col>...1</th><th scope=col>Amber Světelný tok při teplotě 22 °C (lm)</th><th scope=col>Amber Světelný tok při teplotě 5 °C (lm)</th><th scope=col>Bright Světelný tok při teplotě 22 °C (lm)</th><th scope=col>Bright Světelný tok při teplotě 5 °C (lm)</th><th scope=col>Clear Světelný tok při teplotě 22 °C (lm)</th><th scope=col>Clear Světelný tok při teplotě 5 °C (lm)</th><th scope=col>Dim Světelný tok při teplotě 22 °C (lm)</th><th scope=col>Dim Světelný tok při teplotě 5 °C (lm)</th></tr>\n",
       "\t<tr><th scope=col>&lt;dbl&gt;</th><th scope=col>&lt;dbl&gt;</th><th scope=col>&lt;dbl&gt;</th><th scope=col>&lt;dbl&gt;</th><th scope=col>&lt;dbl&gt;</th><th scope=col>&lt;dbl&gt;</th><th scope=col>&lt;dbl&gt;</th><th scope=col>&lt;dbl&gt;</th><th scope=col>&lt;dbl&gt;</th></tr>\n",
       "</thead>\n",
       "<tbody>\n",
       "\t<tr><td>0</td><td>784.9</td><td>786.6</td><td>849.7</td><td>850.9</td><td>822.4</td><td>823.4</td><td>773.8</td><td>772.6</td></tr>\n",
       "\t<tr><td>1</td><td>782.0</td><td>783.8</td><td>831.9</td><td>833.2</td><td>783.5</td><td>787.2</td><td>809.3</td><td>812.9</td></tr>\n",
       "\t<tr><td>2</td><td>782.6</td><td>785.3</td><td>828.5</td><td>825.0</td><td>790.0</td><td>787.7</td><td>826.0</td><td>830.0</td></tr>\n",
       "\t<tr><td>3</td><td>777.7</td><td>772.2</td><td>795.5</td><td>790.5</td><td>792.7</td><td>795.3</td><td>778.1</td><td>781.9</td></tr>\n",
